11111111111011111111111111111111111011101110011111
11111111111111111111011111111110111111111111111111
11111111110111011111111111111111101111110111111111
11111011111111111111111111111111011110111011111111
11111111101011110011111111011111111111111111001111
11011111110111101110111111101111111111111111011111
10111111111101110101011111011111100111011111011111
11111111111111111111100011111111111111111111110101
11110101111111111101111111110101111111111111011111
11011111100011111110110111111110111111011111001111
11110111111011111111111111011111011111111011011111
11110100101111111110111111111111111111111111111111
11111111101111111110011110111110111111111101111111
11110111111111111011101111111111111111111111111111
11110111110101111111111011110101101110111111110111
01011011111111111101111111011111111011111111111111
11101111111111111101101010111111111111011100111111
11111100001111101111111111111000001101111111111011
10111111111011111111111111111110110100111111111101
11111111111111101011101111110111111111101111110111
11111111111101111101101001111101011111111101111111
11111010101111111111011101111110111110101111100111
11111111101111111101111111111111101111011011111011
11111111011111111100010111101111111110111101111111
10111111100111100100111111111111111111111111111111
11111111111111111101111111111111111011110111111111
11111111100011111110011111110111111110111111100111
01111111110100111111111110111001111111110110101111
11011111111011011011111011111111111111111111111011
11111111110111111011110101111111111111101110111111
11101100110101110111111011110110111111101111100011
11111111100111011011111001011111011111111011111111
01111111011011011001111101111111111111111111111111
11111111111001111111011011101110101111111111111111
11111111111111111111111100111100110110011101001110
11110111011111111111111011111111011101111111111111
11111111111111101011110110111111011011111011110111
11111111111111110011111110101101111111111011101111
10111001111100111111101111111101111111110010111111
11101111111111111111110111101111111110011111111111
11111011111100111111100111111111111111100111101111
11111111111101110101111100111111111011111111111111
11111110010111111111111111110111010111110111111111
11111111111101111101011101111111111101111111111111
11111111111011111011111111100110111111101111111110
11011111111111111110111110111101101111111101110111
11101110111111111111111111111001110011110011111101
11111111110111111010111011101111011111111111111111
11111111111111111111101110111111111111101111111111
11101111101111111101111111111111101111111111111111
