11111111011111111111100111101111111111111101110011
11110111111101111111111111111111111111111011111111
11101010011111111001111111111111111101101101111011
11111111010111111111101110011101101101110111111110
11111111010011111110110111111110111110111111101011
11111011111011111111111111111111111111111011011111
11111111111111101111111110001111101101001011111111
11111111110111111111111111111111111111111110110101
01111111101111011111111111111111111111111111111011
11111111010111111011101111101011111111111111111011
11111111110011010011001111111111111111111111111011
10111111110111111111111101111110111101111111000110
11101111111101111111111111101110110111111111111011
11101111111111011111111111111101111111110111011111
10111110111111110111111111111111100111111011111011
11111111101111111111101111111001111011111111111111
11111011111011111111110101111111111110111100111111
11101111101111111111110111111001101011111011111111
01111101111011111110111111000111110111001111111011
11011111101011111111111111111011110011011111101101
11011111111101110110111111111110110111100111011111
11110010101111110111110111111101111111110111111111
11111011111011111111101111111111101111100111101111
11111110111111111101011110111111101111010111111111
10101111111111111100011111111111110111011110001111
11011011111111111111011111111110101011001011111111
11111011110111101010111011111110111110111111011011
11110001110111111001100101111100111110011110011111
01001101111101111101010111100111011001111101110001
11011111111110101111101110000111111111101110111111
11111011011111101111111011101111111001111111101111
11011011111111110111111110101111110111111111111101
11111111111111011111101011111110111110111111111111
11111101110111110110111111001001101111011101101011
01111111111111110010101111011110111111101111111111
11111111111111111111110111111110110111111110011111
11101111111111011111111101110011111111111111111111
11111111111111110111110101011111111110011111111101
10101111001111111111111111100111110111011111101111
11101111111011101001011111111111111011111111111011
11111111111110110011111111111111111110111111110011
01111101111111110101111111111111101111111111111111
11011111111111110100111111111111111100111111110111
11111111110111111111111111111111111111001111111001
11001111111011011111101111111111011110111011101111
11011111111111111111110111111100110111011111111111
11101111101111101111111111001011111111011111111111
11101111011111111111110111101111101101111111110111
11111111011111111111011101101111110111111110111111
11110111111110011011111011111111111111111111100111
